277
14115
15204
16921
24958
37117
37315
64219
65589
72110
74631
77741
80668
84241
92882
98227
99998
107542
114236
121170
124002
129137
134185
138153
158158
173455
188427
191673
210830
211169
211228
214677
216445
219681
219899
220681
222046
226362
230377
232014
235036
242931
245413
253895
258588
260948
264178
267950
274111
275083
284103
288684
289064
292579
298162
300154
316657
317278
320059
321397
327616
331121
338373
342873
350876
351265
352107
358985
362516
363722
373767
383351
392602
394627
396795
402928
403852
408930
409538
416725
427279
429597
431063
432481
434444
438486
439098
445931
448825
450231
450532
453924
454610
454728
454973
460148
460356
464146
473313
474960
477222
477776
480303
490454
495916
496386
501741
513050
519770
522983
523445
527385
527488
528577
532035
538127
539235
544390
544653
552893
553061
558427
565867
566400
570187
570360
580671
582405
584342
586315
586965
590099
590827
592177
592799
592861
599336
603304
605893
609959
610779
611436
616940
617915
620267
621002
627548
628422
632618
633774
636856
638113
640948
646485
647422
660608
661048
668250
678314
680488
687075
687463
690268
696544
704797
709303
715444
722510
729979
743389
743993
751497
754062
759052
763648
764278
766428
770461
772000
784786
785503
786356
788804
793470
810563
811638
813440
828209
836004
844781
846727
848141
851078
852379
853192
856159
860608
862208
866804
876185
884952
894341
894384
894928
898866
900269
901268
902424
903518
915637
919600
920254
927771
929002
932600
935606
939090
943929
958610
962536
967182
967560
976543
978511
980025
980830
985491
985975
989709
990287
991099
1000976
1006790
1010258
1010891
1016766
1017733
1019812
1019977
1020447
1027083
1028842
1031116
1035230
1071390
1088464
1089130
1089780
1095354
1097364
1102682
1107340
1108924
1108952
1115924
1125560
1126906
1128779
1132993
1141766
1143522
1152983
1156935
1157355
1161770
1165758
1171640
1174364
1177199
1177605
1194796
1203526
1213647
1220928
1225392
1232651
1245658
1248199
1257711
1261530
1263496
1268755
1273686
1278172
1280361
1281480
1283199
1285451
1286586
1292716
1297057
1297097
1297638
1302650
1310687
1323665
1323740
1324031
1328292
1330711
1335572
1337130
1337536
1350535
1352860
1355685
1362482
1363319
1365951
1370828
1375289
1376509
1379491
1379871
1380750
1381553
1382407
1389290
1400160
1408086
1408124
1413063
1414006
1417034
1417612
1419494
1424827
1425596
1425645
1426047
1426550
1427145
1433148
1434908
1436683
1444526
1446559
1453088
1457565
1467871
1471269
1473940
1481813
1481826
1485537
1494087
1495070
1501112
1504007
1509240
1509993
1510994
1511782
1513867
1525035
1525070
1525722
1528817
1533032
1538822
1541817
1545399
1553687
1554079
1556428
1565267
1572185
1575251
1581557
1585477
1588658
1589567
1593590
1594190
1601260
1607900
1617172
1620735
1621666
1647967
1648107
1648148
1653746
1659977
1660594
1664623
1698666
1701059
1702971
1703770
1724109
1727668
1727933
1729209
1732900
1734094
1748483
1748820
1760559
1771851
1773092
1787893
1788299
1790723
1793247
1793558
1803172
1810632
1812295
1813376
1813818
1814062
1823451
1832063
1832233
1836171
1836206
1841217
1842491
1843012
1847544
1855929
1857886
1860182
1863337
1865404
1867806
1872216
1875247
1875813
1891524
1897862
1899586
1900450
1906814
1908954
1912701
1917968
1920423
1923785
1923918
1927126
1927479
1928089
1928333
1930858
1946258
1948809
1953305
1955774
1958809
1959979
1965728
1976958
1980225
1997588
1999484
2002238
2002907
2014154
2015081
2024580
2025250
2026048
2032595
2034016
2037356
2038938
2045372
2049268
2063463
2069784
2084683
2091617
2093171
2097173
2117023
2117477
2118193
2126764
2133252
2133661
2138070
2139856
2140952
2141853
2145742
2148529
2149445
2150196
2158801
2165426
2173346
2177434
2199524
2201378
2202036
2210775
2213680
2215597
2218065
2221397
2224092
2225854
2226684
2229611
2237697
2241164
2241171
2244035
2258087
2269999
2295522
2298046
2315620
2317225
2320677
2322599
2322712
2329596
2337568
2350521
2351122
2351992
2353680
2392864
2394196
2398067
2400802
2409166
2411561
2415986
2420999
2422753
2442716
2446002
2448764
2451541
2454744
2462302
2472802
2490056
2490972
2491922
2495502
2497813
2506568
2523860
2546701
2546812
2561308
2576900
2586676
2594992
2596880
2598775
2603014
2603957
2617542
2632672
2642200
2688811
2714892
