232
755
1104
1129
1277
1460
1958
2671
2878
3186
3223
3243
4646
4803
5396
6890
7390
7689
7991
8279
8400
10299
10601
10752
11104
11682
11759
12949
14435
15495
15564
15918
16024
17022
17107
17208
17682
17773
17982
18167
18310
18524
19245
19400
19508
19576
19911
20119
22143
22711
22836
23264
23431
23612
23983
24565
25328
26870
27023
27656
28087
28089
28277
28827
28902
29475
30116
32530
33199
33364
33474
34218
34647
35165
35178
35856
35967
36852
38867
39266
39336
39355
39507
39554
40045
40300
40694
41539
42382
42428
43945
44176
44386
44411
44899
45145
45692
45934
47512
47927
48245
48377
48904
49419
50761
51847
52396
53912
54571
54718
54900
54944
54985
55840
56079
56162
56317
56326
56334
56354
60167
60772
62999
64295
66390
67096
70969
72163
72860
73379
73871
74988
79153
79479
80277
80557
80677
80961
82399
82691
83685
86946
89918
90483
90879
92383
94179
94579
94695
96255
96981
98005
99455
99886
100581
101001
101190
102195
103082
103133
103270
103979
104059
104804
104928
104991
105044
105264
105986
106559
106690
106853
106865
108306
108384
108447
108890
109107
109557
109782
110609
110731
110807
110810
110876
110960
111147
111838
112003
112767
112878
114485
115155
116531
116957
117306
117351
117397
117493
117809
117854
118443
119029
119236
119354
119592
119955
120383
120906
121520
121770
122177
124102
125621
129889
129893
130785
132230
132403
132635
134642
136157
138484
139713
139720
140814
140880
141261
141361
142069
142175
142633
143771
146527
147066
149049
149418
149574
149717
152147
152914
153113
157089
157794
160046
165787
174496
177451
178923
186954
188782
