4069
7127
16182
24168
24589
24932
29065
30541
35756
38010
39869
40906
46302
46581
49065
60183
64041
66815
76243
82191
96708
103515
103827
104344
121005
123064
128157
131488
142150
148311
151195
152237
167598
182212
185410
206852
209828
211677
218955
221560
236862
246373
247883
251969
253715
257561
257911
267090
267259
274304
283790
283933
286714
287789
290886
290903
292945
298177
303663
304631
312953
314670
317687
320009
328640
329386
329876
330802
344546
362167
368038
370481
375687
385890
390556
393653
395829
396983
397525
401920
406828
410855
414603
415069
415566
422848
424674
424849
426039
435014
435171
440649
450313
453156
454598
462556
463243
466386
467297
468050
470272
470669
477375
479573
480761
481145
484491
485735
490930
493674
497316
503736
505498
508194
514354
520327
520719
529227
530370
531973
532993
536949
537811
539455
545006
545063
549520
554225
564257
566967
567114
568629
574261
575087
575911
577579
585953
591072
591365
596443
596828
597014
600522
605570
617252
618534
626099
631113
636249
640569
648637
653883
658164
659255
659888
660476
668275
669982
675524
678088
679465
687123
688260
688344
692126
697303
705021
709137
723291
725277
727579
734137
734147
734812
738483
739437
750274
750960
751086
756848
759740
764918
765771
767772
769900
774874
777731
785109
792311
792331
793645
796666
801215
801256
802564
803907
825424
840842
841967
845040
846321
846359
846839
847698
848193
855182
855845
874031
888920
905306
908179
914601
914706
916593
920568
921175
934756
936407
950289
954108
974310
985773
987120
990690
992164
995679
996648
999392
1006872
1016321
1021993
1023810
1034521
1048120
1055017
1057956
1061727
1078590
1078908
1083281
1089942
1092463
1095541
1096941
1099844
1100017
1100573
1105763
1107485
1119385
1127878
1129677
1142160
1142217
1151654
1153072
1153890
1154078
1154647
1161413
1168943
1169074
1171900
1172732
1173402
1176949
1176954
1177484
1189792
1193260
1199900
1203733
1206853
1211091
1218007
1219136
1221091
1224897
1231990
1236274
1240110
1252895
1270455
1270859
1280638
1280656
1281846
1286750
1288569
1294551
1296329
1297003
1302283
1313070
1323904
1332634
1334802
1335245
1338197
1340749
1341346
1347101
1347386
1350228
1356036
1356294
1361871
1365917
1371385
1375533
1376917
1387851
1390361
1391313
1395637
1401588
1410675
1416724
1418912
1422208
1431625
1434632
1436018
1451969
1458603
1459564
1460261
1462017
1470866
1476140
1476298
1477390
1478263
1479489
1492610
1507287
1508024
1509296
1510376
1517457
1523214
1526564
1527528
1539048
1541085
1541096
1542603
1543621
1548496
1548996
1550375
1556216
1559036
1561484
1565907
1568293
1577723
1577797
1581290
1589161
1590392
1591127
1595743
1599958
1601841
1602614
1610563
1612967
1613058
1616181
1626947
1650892
1652507
1656538
1657250
1657508
1666128
1669834
1677590
1684320
1694740
1695743
1702737
1725279
1726975
1731524
1733246
1734210
1735125
1737266
1737389
1743634
1749519
1755448
1761153
1767113
1769737
1780303
1780934
1782006
1785062
1787865
1800176
1805381
1818500
1819305
1821727
1830441
1831145
1843794
1848585
1850539
1867607
1868148
1869060
1871138
1871690
1886238
1887567
1890425
1900189
1904902
1906295
1906679
1906960
1907519
1910527
1910844
1914226
1918502
1950978
1957374
1960142
1979217
1990736
1999825
2005993
2010467
2019434
2029867
2035037
2037849
2052082
2061776
2063848
2065633
2066319
2067294
2070271
2070290
2072832
2073424
2085238
2113596
2113680
2117396
2125881
2130015
2132687
2134849
2135042
2135460
2137275
2137596
2142199
2196808
2201988
2205835
2227305
2227734
2230956
2232861
2234273
2239386
2241249
2244507
2250073
2252145
2258150
2263487
2266836
2279044
2285161
2289912
2292863
2303820
2318423
2319286
2321781
2324589
2353523
2356533
2364981
2370470
2379367
2400208
2406601
2407237
2431303
2439738
2442197
2467454
2469381
2482134
2486637
2515723
2516020
2522613
2532282
2534195
2538051
2576529
2576630
2576853
2577141
2591456
2597471
2618247
2647971
